1 0.0078125 0.8359375
1 0.0390625 0.4140625
1 0.0703125 0.1171875
1 0.1171875 0.5078125
1 0.1328125 0.6328125
1 0.1640625 0.3828125
1 0.1953125 0.2421875
1 0.2265625 0.8515625
1 0.2734375 0.6640625
1 0.2890625 0.9765625
1 0.3359375 0.1953125
1 0.3515625 0.5546875
1 0.3828125 0.0078125
1 0.4140625 0.4453125
1 0.4609375 0.7734375
1 0.4765625 0.5859375
1 0.5234375 0.3046875
1 0.5390625 0.1328125
1 0.5703125 0.6953125
1 0.6015625 0.0390625
1 0.6328125 0.9453125
1 0.6640625 0.2578125
1 0.6953125 0.7265625
1 0.7421875 0.1640625
1 0.7578125 0.3203125
1 0.7890625 0.6171875
1 0.8203125 0.9140625
1 0.8515625 0.4921875
1 0.8828125 0.3671875
1 0.9140625 0.7890625
1 0.9453125 0.0703125
1 0.9921875 0.8984375
2 0.0234375 0.5390625
2 0.0546875 0.7109375
2 0.0859375 0.2265625
2 0.1015625 0.8671875
2 0.1484375 0.0546875
2 0.1796875 0.7421875
2 0.2109375 0.5234375
2 0.2421875 0.1484375
2 0.2578125 0.3984375
2 0.3046875 0.7578125
2 0.3203125 0.2890625
2 0.3671875 0.8828125
2 0.3984375 0.6484375
2 0.4296875 0.1015625
2 0.4453125 0.3515625
2 0.4921875 0.9296875
2 0.5078125 0.4765625
2 0.5546875 0.8046875
2 0.5859375 0.2109375
2 0.6171875 0.3359375
2 0.6484375 0.5703125
2 0.6796875 0.0859375
2 0.7109375 0.4296875
2 0.7265625 0.9921875
2 0.7734375 0.8203125
2 0.8046875 0.0234375
2 0.8359375 0.2734375
2 0.8671875 0.6796875
2 0.8984375 0.9609375
2 0.9296875 0.1796875
2 0.9609375 0.4609375
2 0.9765625 0.6015625
