1 0.015625 0.203125
1 0.078125 0.671875
1 0.140625 0.359375
1 0.203125 0.546875
1 0.265625 0.015625
1 0.328125 0.765625
1 0.390625 0.953125
1 0.484375 0.421875
1 0.515625 0.828125
1 0.578125 0.140625
1 0.671875 0.453125
1 0.734375 0.078125
1 0.765625 0.609375
1 0.828125 0.890625
1 0.921875 0.703125
1 0.953125 0.265625
2 0.046875 0.484375
2 0.109375 0.984375
2 0.171875 0.796875
2 0.234375 0.171875
2 0.296875 0.390625
2 0.359375 0.578125
2 0.421875 0.234375
2 0.453125 0.046875
2 0.546875 0.640625
2 0.609375 0.296875
2 0.640625 0.921875
2 0.703125 0.734375
2 0.796875 0.328125
2 0.859375 0.109375
2 0.890625 0.515625
2 0.984375 0.859375
