1 0.01171875 0.69140625
1 0.02734375 0.42578125
1 0.03515625 0.95703125
1 0.05078125 0.26171875
1 0.06640625 0.86328125
1 0.08984375 0.48046875
1 0.10546875 0.03515625
1 0.12109375 0.32421875
1 0.12890625 0.24609375
1 0.14453125 0.56640625
1 0.16015625 0.44140625
1 0.18359375 0.66015625
1 0.19140625 0.92578125
1 0.20703125 0.36328125
1 0.22265625 0.02734375
1 0.23828125 0.17578125
1 0.25390625 0.45703125
1 0.27734375 0.11328125
1 0.28515625 0.35546875
1 0.30859375 0.89453125
1 0.31640625 0.19921875
1 0.33203125 0.51953125
1 0.34765625 0.82421875
1 0.36328125 0.72265625
1 0.37890625 0.58203125
1 0.39453125 0.16015625
1 0.41015625 0.48828125
1 0.42578125 0.30859375
1 0.44921875 0.98046875
1 0.46484375 0.75390625
1 0.47265625 0.08203125
1 0.49609375 0.91015625
1 0.50390625 0.67578125
1 0.52734375 0.00390625
1 0.53515625 0.83203125
1 0.55078125 0.20703125
1 0.56640625 0.55859375
1 0.58203125 0.76953125
1 0.59765625 0.26953125
1 0.61328125 0.87890625
1 0.62890625 0.60546875
1 0.65234375 0.22265625
1 0.66015625 0.53515625
1 0.67578125 0.14453125
1 0.69140625 0.79296875
1 0.70703125 0.98828125
1 0.72265625 0.39453125
1 0.74609375 0.85546875
1 0.76171875 0.05078125
1 0.76953125 0.94140625
1 0.78515625 0.63671875
1 0.80078125 0.73828125
1 0.81640625 0.41015625
1 0.83203125 0.09765625
1 0.85546875 0.61328125
1 0.86328125 0.80078125
1 0.87890625 0.70703125
1 0.89453125 0.28515625
1 0.91015625 0.37890625
1 0.93359375 0.51171875
1 0.94140625 0.06640625
1 0.95703125 0.64453125
1 0.97265625 0.33203125
1 0.98828125 0.12890625
2 0.00390625 0.04296875
2 0.01953125 0.34765625
2 0.04296875 0.77734375
2 0.05859375 0.54296875
2 0.07421875 0.12109375
2 0.08203125 0.62890625
2 0.09765625 0.38671875
2 0.11328125 0.97265625
2 0.13671875 0.84765625
2 0.15234375 0.74609375
2 0.16796875 0.08984375
2 0.17578125 0.19140625
2 0.19921875 0.49609375
2 0.21484375 0.58984375
2 0.23046875 0.71484375
2 0.24609375 0.81640625
2 0.26171875 0.25390625
2 0.26953125 0.94921875
2 0.29296875 0.59765625
2 0.30078125 0.68359375
2 0.32421875 0.44921875
2 0.33984375 0.05859375
2 0.35546875 0.27734375
2 0.37109375 0.37109375
2 0.38671875 0.91796875
2 0.40234375 0.78515625
2 0.41796875 0.23046875
2 0.43359375 0.62109375
2 0.44140625 0.01171875
2 0.45703125 0.40234375
2 0.48046875 0.55078125
2 0.48828125 0.16796875
2 0.51171875 0.47265625
2 0.51953125 0.31640625
2 0.54296875 0.96484375
2 0.55859375 0.07421875
2 0.57421875 0.65234375
2 0.58984375 0.15234375
2 0.60546875 0.33984375
2 0.62109375 0.01953125
2 0.63671875 0.73046875
2 0.64453125 0.41796875
2 0.66796875 0.29296875
2 0.68359375 0.88671875
2 0.69921875 0.66796875
2 0.71484375 0.50390625
2 0.73046875 0.10546875
2 0.73828125 0.23828125
2 0.75390625 0.57421875
2 0.77734375 0.46484375
2 0.79296875 0.80859375
2 0.80859375 0.30078125
2 0.82421875 0.90234375
2 0.83984375 0.52734375
2 0.84765625 0.99609375
2 0.87109375 0.21484375
2 0.88671875 0.13671875
2 0.90234375 0.93359375
2 0.91796875 0.83984375
2 0.92578125 0.76171875
2 0.94921875 0.18359375
2 0.96484375 0.43359375
2 0.98046875 0.69921875
2 0.99609375 0.87109375
